date trip_duration sum_date avg_duration maximum_temperature minimum_temperature average_temperature precipiation snow_fall snow_depth avg_duration_Level avg_temperature_Level id
2016-01-01 212634 242 878.6528925619834 42 34 38.0 0.0 0.0 0.0 1.0 0.0 1
2016-01-10 309023 240 1287.5958333333333 82 51 66.5 0.0 0.0 0.0 3.0 2.0 2
2016-01-11 206226 252 818.3571428571429 65 46 55.5 0.0 0.0 0.0 1.0 2.0 3
2016-01-12 208855 274 762.2445255474453 80 56 68.0 0.0 0.0 0.0 0.0 2.0 4
2016-01-13 319269 295 1082.2677966101694 73 58 65.5 0.18 0.0 0.0 2.0 2.0 5
2016-01-14 316466 286 1106.5244755244755 71 65 68.0 0.91 0.0 0.0 3.0 2.0 6
2016-01-15 247308 221 1119.0407239819006 78 63 70.5 0.0 0.0 0.0 3.0 2.0 7
2016-01-16 349247 243 1437.2304526748972 83 67 75.0 0.01 0.0 0.0 3.0 3.0 8
2016-01-17 214192 268 799.223880597015 81 65 73.0 0.0 0.0 0.0 0.0 2.0 9
2016-01-18 240629 301 799.4318936877077 96 80 88.0 0.0 0.0 0.0 0.0 3.0 10
2016-01-19 239469 266 900.2593984962406 81 67 74.0 0.0 0.0 0.0 2.0 2.0 11
2016-01-02 179644 254 707.2598425196851 30 22 26.0 0.0 0.0 0.0 0.0 0.0 12
2016-01-20 199738 217 920.4516129032259 87 78 82.5 0.11 0.0 0.0 2.0 3.0 13
2016-01-21 327406 270 1212.6148148148147 89 72 80.5 0.0 0.0 0.0 3.0 3.0 14
2016-01-22 343960 304 1131.4473684210527 91 75 83.0 0.22 0.0 0.0 3.0 3.0 15
2016-01-23 48667 265 183.64905660377357 84 68 76.0 0.0 0.0 0.0 0.0 3.0 16
2016-01-24 103822 292 355.55479452054794 72 60 66.0 0.0 0.0 0.0 0.0 2.0 17
2016-01-25 257339 300 857.7966666666666 65 45 55.0 0.0 0.0 0.0 1.0 1.0 18
2016-01-26 389265 226 1722.4115044247787 55 40 47.5 1.41 0.0 0.0 3.0 1.0 19
2016-01-27 324063 293 1106.0170648464164 66 41 53.5 0.0 0.0 0.0 3.0 1.0 20
2016-01-28 308289 300 1027.63 42 34 38.0 0.31  0.0 2.0 0.0 21
2016-01-29 368993 282 1308.485815602837 51 40 45.5 0.0 0.0 0.0 3.0 1.0 22
2016-01-03 178622 267 668.9962546816479 39 28 33.5 0.0 0.0 19.0 0.0 0.0 23
2016-01-30 242371 304 797.2730263157895 42 34 38.0 0.0 0.0 0.0 0.0 0.0 24
2016-01-31 268805 231 1163.6580086580086 50 36 43.0 0.0 0.0 0.0 3.0 0.0 25
2016-01-04 175809 281 625.6548042704626 40 30 35.0 0.0 0.0 0.0 0.0 0.0 26
2016-01-05 279019 327 853.269113149847 36 27 31.5 0.0 0.0 0.0 1.0 0.0 27
2016-01-06 208927 310 673.9580645161291 52 39 45.5 0.0 0.0 0.0 0.0 1.0 28
2016-01-07 219028 301 727.6677740863787 62 50 56.0  0.0 0.0 0.0 2.0 29
2016-01-08 351897 248 1418.9395161290322 72 44 58.0 0.04 0.0 0.0 3.0 2.0 30
2016-01-09 242214 259 935.1891891891892 48 30 39.0 0.0 0.0 0.0 2.0 0.0 31
2016-02-01 206849 306 675.9771241830065 40 32 36.0 0.0 0.0 0.0 0.0 0.0 32
2016-02-10 250922 281 892.9608540925267 73 55 64.0 0.0 0.0 0.0 2.0 2.0 33
2016-02-11 229701 268 857.0932835820895 51 45 48.0 0.16 0.0 0.0 1.0 1.0 34
2016-02-12 252084 294 857.4285714285714 65 57 61.0 0.25 0.0 0.0 1.0 2.0 35
2016-02-13 238752 256 932.625 88 61 74.5 0.0 0.0 0.0 2.0 3.0 36
2016-02-14 254403 265 960.011320754717 83 65 74.0 0.0 0.0 0.0 2.0 2.0 37
2016-02-15 252750 267 946.629213483146 87 61 74.0 0.0 0.0 0.0 2.0 2.0 38
2016-02-16 248195 253 981.0079051383399 85 67 76.0 0.0 0.0 0.0 2.0 3.0 39
2016-02-17 228428 352 648.9431818181819 82 68 75.0 0.0 0.0 0.0 0.0 3.0 40
2016-02-18 248216 335 740.9432835820895 94 75 84.5 0.0 0.0 0.0 0.0 3.0 41
2016-02-19 246856 258 956.8062015503876 83 69 76.0 0.0 0.0 0.0 2.0 3.0 42
2016-02-02 299252 317 944.0126182965299 38 22 30.0 0.0  0.0 2.0 0.0 43
2016-02-20 267073 277 964.1624548736462 85 77 81.0 0.01 0.0 0.0 2.0 3.0 44
2016-02-21 238459 279 854.6917562724014 91 74 82.5 0.0 0.0 0.0 1.0 3.0 45
2016-02-22 165097 335 492.82686567164177 90 74 82.0  0.0 0.0 0.0 3.0 46
2016-02-23 303555 263 1154.2015209125475 86 65 75.5 0.0 0.0 0.0 3.0 3.0 47
2016-02-24 336923 275 1225.1745454545455 69 60 64.5 0.0 0.0 0.0 3.0 2.0 48
2016-02-25 256334 305 840.4393442622951 69 53 61.0 0.0 0.0 0.0 1.0 2.0 49
2016-02-26 442879 287 1543.1324041811847 51 42 46.5 0.0 0.0 0.0 3.0 1.0 50
2016-02-27 327669 244 1342.905737704918 59 49 54.0 0.06 0.0 0.0 3.0 1.0 51
2016-02-28 289392 327 884.9908256880734 41 36 38.5 0.0 0.0 0.0 1.0 0.0 52
2016-02-29 287877 228 1262.6184210526317 47 41 44.0  0.0 0.0 3.0 1.0 53
2016-02-03 293982 305 963.8754098360656 48 38 43.0 0.0 0.0 17.0 2.0 0.0 54
2016-02-04 333575 272 1226.3786764705883 47 33 40.0 0.0 0.0 0.0 3.0 0.0 55
2016-02-05 243673 298 817.6946308724832 39 24 31.5 0.0 0.0 0.0 1.0 0.0 56
2016-02-06 353120 314 1124.5859872611466 55 29 42.0 0.14 0.0 0.0 3.0 0.0 57
2016-02-07 394004 278 1417.2805755395684 51 40 45.5 0.29 0.0 0.0 3.0 1.0 58
2016-02-08 221797 264 840.1401515151515 55 38 46.5 0.0 0.0 0.0 1.0 1.0 59
2016-02-09 252431 282 895.145390070922 58 48 53.0 0.09 0.0 0.0 2.0 1.0 60
2016-03-01 290436 249 1166.4096385542168 45 35 40.0 0.0 0.0 0.0 3.0 0.0 61
2016-03-10 267529 286 935.416083916084 69 49 59.0 0.0 0.0 0.0 2.0 2.0 62
2016-03-11 235937 299 789.0869565217391 60 45 52.5 0.04 0.0 0.0 0.0 1.0 63
2016-03-12 255604 260 983.0923076923077 73 56 64.5 0.0 0.0 0.0 2.0 2.0 64
2016-03-13 221787 295 751.8203389830509 90 69 79.5 0.0 0.0 0.0 0.0 3.0 65
2016-03-14 235708 290 812.7862068965517 85 64 74.5  0.0 0.0 1.0 3.0 66
2016-03-15 231367 272 850.6139705882352 88 66 77.0 0.0 0.0 0.0 1.0 3.0 67
2016-03-16 239929 297 807.8417508417508 79 66 72.5 0.83 0.0 0.0 1.0 2.0 68
2016-03-17 221714 319 695.0282131661442 85 71 78.0 0.0 0.0 0.0 0.0 3.0 69
2016-03-18 254475 277 918.6823104693141 93 73 83.0 1.0 0.0 0.0 2.0 3.0 70
2016-03-19 352983 297 1188.4949494949494 87 72 79.5 0.05 0.0 0.0 3.0 3.0 71
2016-03-02 195627 216 905.6805555555555 51 34 42.5  0.0 0.0 2.0 0.0 72
2016-03-20 226153 280 807.6892857142857 85 72 78.5 0.03 0.0 0.0 1.0 3.0 73
2016-03-21 297361 293 1014.8839590443686 86 69 77.5 0.0 0.0 0.0 2.0 3.0 74
2016-03-22 315104 259 1216.6177606177607 83 67 75.0 0.0 0.0 0.0 3.0 3.0 75
2016-03-23 267251 302 884.9370860927153 87 64 75.5 0.01 0.0 0.0 1.0 3.0 76
2016-03-24 327313 313 1045.7284345047924 67 53 60.0 0.0 0.0 0.0 2.0 2.0 77
2016-03-25 187433 269 696.7769516728624 81 63 72.0 0.0 0.0 0.0 0.0 2.0 78
2016-03-26 248221 284 874.0176056338029 64 39 51.5 0.0 0.0 0.0 1.0 1.0 79
2016-03-27 211319 316 668.7310126582279 56 40 48.0 0.0 0.0 0.0 0.0 1.0 80
2016-03-28 287554 271 1061.0848708487085 41 37 39.0 0.0 0.0 0.0 2.0 0.0 81
2016-03-29 210275 324 648.9969135802469 47 39 43.0 0.0 0.0 0.0 0.0 0.0 82
2016-03-03 238597 318 750.3050314465409 47 34 40.5  0.0 9.0 0.0 0.0 83
2016-03-30 257549 242 1064.2520661157025 34 19 26.5 0.0  0.0 2.0 0.0 84
2016-03-31 229988 275 836.32 50 33 41.5 0.02 0.0 0.0 1.0 0.0 85
2016-03-04 245337 291 843.0824742268042 39 28 33.5 0.05 0.1 0.0 1.0 0.0 86
2016-03-05 264599 294 899.9965986394558 61 39 50.0 0.0 0.0 0.0 2.0 1.0 87
2016-03-06 223625 340 657.7205882352941 36 26 31.0 0.0 0.0 0.0 0.0 0.0 88
2016-03-07 286943 281 1021.1494661921708 57 44 50.5 0.0 0.0 0.0 2.0 1.0 89
2016-03-08 226764 264 858.9545454545455 55 43 49.0 0.0 0.0 0.0 1.0 1.0 90
2016-03-09 193868 322 602.0745341614906 50 40 45.0 0.01 0.0 0.0 0.0 1.0 91
2016-04-01 220387 283 778.7526501766785 36 14 25.0 0.0 0.0 0.0 0.0 0.0 92
2016-04-10 220917 274 806.2664233576643 73 49 61.0 0.0 0.0 0.0 1.0 2.0 93
2016-04-11 212643 318 668.688679245283 56 51 53.5 0.61 0.0 0.0 0.0 1.0 94
2016-04-12 227798 290 785.5103448275862 59 46 52.5 0.0 0.0 0.0 0.0 1.0 95
2016-04-13 333691 301 1108.607973421927 87 73 80.0 0.0 0.0 0.0 3.0 3.0 96
2016-04-14 267666 268 998.7537313432836 67 52 59.5 0.45 0.0 0.0 2.0 2.0 97
2016-04-15 437882 280 1563.8642857142856 84 64 74.0 0.0 0.0 0.0 3.0 2.0 98
2016-04-16 266998 272 981.6102941176471 76 63 69.5 0.0 0.0 0.0 2.0 2.0 99
2016-04-17 234437 307 763.6384364820847 88 73 80.5 0.62 0.0 0.0 0.0 3.0 100
2016-04-18 294132 261 1126.942528735632 89 72 80.5 0.0 0.0 0.0 3.0 3.0 101
2016-04-19 305645 279 1095.5017921146953 86 70 78.0 0.0 0.0 0.0 2.0 3.0 102
2016-04-02 243043 280 868.0107142857142 52 42 47.0 0.24 0.0 0.0 1.0 1.0 103
2016-04-20 208502 238 876.0588235294117 88 74 81.0 0.01 0.0 0.0 1.0 3.0 104
2016-04-21 330141 300 1100.47 89 74 81.5  0.0 0.0 3.0 3.0 105
2016-04-22 213520 257 830.817120622568 78 62 70.0 0.0 0.0 0.0 1.0 2.0 106
2016-04-23 325731 260 1252.8115384615385 71 58 64.5 0.2 0.0 0.0 3.0 2.0 107
2016-04-24 200391 234 856.3717948717949 73 55 64.0 0.0 0.0 0.0 1.0 2.0 108
2016-04-25 206374 273 755.9487179487179 81 67 74.0 0.0 0.0 0.0 0.0 2.0 109
2016-04-26 213598 321 665.4143302180686 76 54 65.0 0.56 0.0 0.0 0.0 2.0 110
2016-04-27 212732 325 654.56 63 41 52.0 0.0 0.0 0.0 0.0 1.0 111
2016-04-28 309191 324 954.2932098765432 45 35 40.0 0.0 0.0 0.0 2.0 0.0 112
2016-04-29 246564 249 990.2168674698795 49 38 43.5 0.19 0.0 0.0 2.0 1.0 113
2016-04-03 300106 241 1245.253112033195 42 32 37.0 0.0 0.0 6.0 3.0 0.0 114
2016-04-30 331882 234 1418.2991452991453 27 17 22.0 0.0 0.0 0.0 3.0 0.0 115
2016-04-04 313634 304 1031.6907894736842 36 27 31.5 0.0   2.0 0.0 116
2016-04-05 271615 284 956.3908450704225 55 44 49.5 0.03 0.0 0.0 2.0 1.0 117
2016-04-06 221494 271 817.3210332103321 39 30 34.5 0.11 0.4  1.0 0.0 118
2016-04-07 311685 301 1035.4983388704318 65 48 56.5 0.02 0.0 0.0 2.0 2.0 119
2016-04-08 364028 227 1603.647577092511 62 42 52.0 0.38 0.0 0.0 3.0 1.0 120
2016-04-09 260011 295 881.393220338983 43 36 39.5 0.11  0.0 1.0 0.0 121
2016-05-01 348667 270 1291.3592592592593 29 11 20.0 0.0 0.0 0.0 3.0  122
2016-05-10 298936 253 1181.5652173913043 79 62 70.5  0.0 0.0 3.0 2.0 123
2016-05-11 496958 286 1737.6153846153845 52 48 50.0 0.01 0.0 0.0 3.0 1.0 124
2016-05-12 264882 313 846.2683706070287 66 43 54.5 0.0 0.0 0.0 1.0 1.0 125
2016-05-13 355061 270 1315.0407407407408 92 71 81.5 0.0 0.0 0.0 3.0 3.0 126
2016-05-14 339674 318 1068.1572327044025 71 54 62.5 0.0 0.0 0.0 2.0 2.0 127
2016-05-15 260772 222 1174.6486486486488 87 72 79.5  0.0 0.0 3.0 3.0 128
2016-05-16 507361 261 1943.9118773946361 78 64 71.0 0.0 0.0 0.0 3.0 2.0 129
2016-05-17 224125 265 845.7547169811321 88 79 83.5 0.0 0.0 0.0 1.0 3.0 130
2016-05-18 219486 261 840.9425287356322 91 74 82.5 0.0 0.0 0.0 1.0 3.0 131
2016-05-19 237068 310 764.7354838709678 86 71 78.5 0.0 0.0 0.0 0.0 3.0 132
2016-05-02 217804 52 4188.538461538462 42 30 36.0 0.05 0.4 0.0  0.0 133
2016-05-20 246889 271 911.0295202952029 83 70 76.5 0.82 0.0 0.0 2.0 3.0 134
2016-05-21 268726 308 872.487012987013 79 69 74.0 0.5 0.0 0.0 1.0 2.0 135
2016-05-22 239317 293 816.7815699658703 83 64 73.5 0.0 0.0 0.0 1.0 2.0 136
2016-05-23 208435 258 807.8875968992248 70 54 62.0 0.0 0.0 0.0 1.0 2.0 137
2016-05-24 220773 295 748.3830508474576 75 57 66.0 0.0 0.0 0.0 0.0 2.0 138
2016-05-25 204851 135 1517.414814814815 85 65 75.0 0.0 0.0 0.0 3.0 3.0 139
2016-05-26 257840 313 823.7699680511182 54 44 49.0 0.0 0.0 0.0 1.0 1.0 140
2016-05-27 216695 277 782.2924187725632 50 37 43.5 0.0 0.0 0.0 0.0 1.0 141
2016-05-28 215154 249 864.0722891566265 48 38 43.0 0.03 0.0 0.0 1.0 0.0 142
2016-05-29 279101 278 1003.9604316546763 46 37 41.5 0.35 0.0 0.0 2.0 0.0 143
2016-05-03 322680 274 1177.6642335766423 41 30 35.5 0.0 0.0 6.0 3.0 0.0 144
2016-05-30 165492 211 784.3222748815166 39 24 31.5 0.73 2.8 2.0 0.0 0.0 145
2016-05-31 195948 309 634.1359223300971 60 40 50.0 0.0 0.0 0.0 0.0 1.0 146
2016-05-04 318272 238 1337.2773109243697 39 31 35.0 0.01  0.0 3.0 0.0 147
2016-05-05 228766 247 926.1781376518219 52 38 45.0 0.0 0.0 0.0 2.0 1.0 148
2016-05-06 241200 266 906.7669172932331 41 28 34.5 0.0 0.0 0.0 2.0 0.0 149
2016-05-07 283815 279 1017.258064516129 63 45 54.0  0.0 0.0 2.0 1.0 150
2016-05-08 221575 252 879.265873015873 53 40 46.5 0.0 0.0 0.0 1.0 1.0 151
2016-05-09 194481 311 625.3408360128617 50 31 40.5 0.0 0.0 0.0 0.0 0.0 152
2016-06-01 240540 288 835.2083333333334 41 25 33.0 0.0 0.0 0.0 1.0 0.0 153
2016-06-10 229659 284 808.6584507042254 71 54 62.5 0.16 0.0 0.0 1.0 2.0 154
2016-06-11 259329 296 876.1114864864865 57 46 51.5 0.0 0.0 0.0 1.0 1.0 155
2016-06-12 182974 242 756.0909090909091 64 52 58.0 0.0 0.0 0.0 0.0 2.0 156
2016-06-13 209930 274 766.1678832116788 87 70 78.5  0.0 0.0 0.0 3.0 157
2016-06-14 222189 304 730.8848684210526 77 57 67.0 0.0 0.0 0.0 0.0 2.0 158
2016-06-15 222386 244 911.4180327868852 86 68 77.0 0.0 0.0 0.0 2.0 3.0 159
2016-06-16 432660 259 1670.5019305019305 84 66 75.0 0.49 0.0 0.0 3.0 3.0 160
2016-06-17 227058 255 890.4235294117647 90 75 82.5  0.0 0.0 2.0 3.0 161
2016-06-18 300909 249 1208.4698795180723 95 75 85.0  0.0 0.0 3.0 3.0 162
2016-06-19 192643 272 708.2463235294117 87 71 79.0 0.0 0.0 0.0 0.0 3.0 163
2016-06-02 210302 256 821.4921875 31 18 24.5    1.0 0.0 164
2016-06-20 275845 248 1112.2782258064517 86 73 79.5 0.31 0.0 0.0 3.0 3.0 165
2016-06-21 220316 280 786.8428571428572 81 66 73.5 0.0 0.0 0.0 0.0 2.0 166
2016-06-22 353480 242 1460.6611570247933 91 67 79.0 0.56 0.0 0.0 3.0 3.0 167
2016-06-23 331374 244 1358.0901639344263 74 54 64.0 0.0 0.0 0.0 3.0 2.0 168
2016-06-24 230594 315 732.0444444444445 68 58 63.0 0.23 0.0 0.0 0.0 2.0 169
2016-06-25 490681 248 1978.5524193548388 70 62 66.0 0.0 0.0 0.0 3.0 2.0 170
2016-06-26 195062 253 770.99604743083 58 40 49.0 0.0 0.0 0.0 0.0 1.0 171
2016-06-27 197790 285 694.0 61 41 51.0 0.0 0.0 0.0 0.0 1.0 172
2016-06-28 200569 224 895.3973214285714 54 45 49.5 0.02 0.0 0.0 2.0 1.0 173
2016-06-29 232267 271 857.0738007380074 46 40 43.0 0.09 0.0 0.0 1.0 0.0 174
2016-06-03 252570 287 880.0348432055749 39 28 33.5 0.0 0.0 6.0 1.0 0.0 175
2016-06-30 195535 280 698.3392857142857 58 31 44.5 0.04 0.0 1.0 0.0 1.0 176
2016-06-04 245101 303 808.914191419142 31 18 24.5   0.0 1.0 0.0 177
2016-06-05 211988 196 1081.5714285714287 40 35 37.5 0.3  0.0 2.0 0.0 178
2016-06-06 223824 257 870.9105058365759 44 32 38.0 0.0 0.0 0.0 1.0 0.0 179
2016-06-07 219245 264 830.4734848484849 57 42 49.5 0.0 0.0 0.0 1.0 1.0 180
2016-06-08 237365 256 927.20703125 56 37 46.5 0.0 0.0 0.0 2.0 1.0 181
2016-06-09 240193 229 1048.877729257642 65 43 54.0 0.01 0.0 0.0 2.0 1.0 182
